1.693000030517578125e+01
1.446000003814697266e+01
1.401000022888183594e+01
1.317000007629394531e+01
1.318000030517578125e+01
1.403999996185302734e+01
1.527000045776367188e+01
1.659000015258789062e+01
1.842000007629394531e+01
2.170999908447265625e+01
2.282999992370605469e+01
2.381999969482421875e+01
2.412999916076660156e+01
2.475000000000000000e+01
2.479000091552734375e+01
2.537999916076660156e+01
2.569000053405761719e+01
2.463999938964843750e+01
2.746999931335449219e+01
2.685000038146972656e+01
2.270000076293945312e+01
2.129999923706054688e+01
1.864999961853027344e+01
1.676000022888183594e+01
1.592000007629394531e+01
1.410000038146972656e+01
1.239000034332275391e+01
1.165999984741210938e+01
9.680000305175781250e+00
1.102999973297119141e+01
1.175000000000000000e+01
1.455000019073486328e+01
1.486999988555908203e+01
1.832999992370605469e+01
1.954999923706054688e+01
2.064999961853027344e+01
2.112000083923339844e+01
2.075000000000000000e+01
2.096999931335449219e+01
2.161000061035156250e+01
2.261000061035156250e+01
2.429000091552734375e+01
3.019000053405761719e+01
3.790000152587890625e+01
2.704999923706054688e+01
2.539999961853027344e+01
2.154999923706054688e+01
1.922999954223632812e+01
1.904999923706054688e+01
1.740999984741210938e+01
1.594999980926513672e+01
1.543999958038330078e+01
1.514000034332275391e+01
1.710000038146972656e+01
2.530999946594238281e+01
2.645000076293945312e+01
2.615999984741210938e+01
2.812999916076660156e+01
3.001000022888183594e+01
2.914999961853027344e+01
2.869000053405761719e+01
2.860000038146972656e+01
2.827000045776367188e+01
2.739999961853027344e+01
2.695999908447265625e+01
2.635000038146972656e+01
3.135000038146972656e+01
3.572999954223632812e+01
2.668000030517578125e+01
2.585000038146972656e+01
2.204000091552734375e+01
1.907999992370605469e+01
1.578999996185302734e+01
1.371000003814697266e+01
1.243999958038330078e+01
1.126000022888183594e+01
1.171000003814697266e+01
1.344999980926513672e+01
2.300000000000000000e+01
2.862000083923339844e+01
2.836000061035156250e+01
3.036000061035156250e+01
2.938999938964843750e+01
2.902000045776367188e+01
2.870000076293945312e+01
2.850000000000000000e+01
2.844000053405761719e+01
2.771999931335449219e+01
2.747999954223632812e+01
2.769000053405761719e+01
3.763000106811523438e+01
3.984000015258789062e+01
3.005999946594238281e+01
2.745000076293945312e+01
2.357999992370605469e+01
2.088999938964843750e+01
1.993000030517578125e+01
1.884000015258789062e+01
1.835000038146972656e+01
1.818000030517578125e+01
1.831999969482421875e+01
2.084000015258789062e+01
2.697999954223632812e+01
3.163999938964843750e+01
2.954000091552734375e+01
3.035000038146972656e+01
3.209000015258789062e+01
3.136000061035156250e+01
2.907999992370605469e+01
2.793000030517578125e+01
2.739999961853027344e+01
2.712000083923339844e+01
2.717000007629394531e+01
2.915999984741210938e+01
4.002000045776367188e+01
4.338999938964843750e+01
3.290000152587890625e+01
3.061000061035156250e+01
2.477000045776367188e+01
2.304000091552734375e+01
2.078000068664550781e+01
1.915999984741210938e+01
1.814999961853027344e+01
1.703000068664550781e+01
1.688999938964843750e+01
1.892000007629394531e+01
2.620000076293945312e+01
3.164999961853027344e+01
3.150000000000000000e+01
3.081999969482421875e+01
3.126000022888183594e+01
2.719000053405761719e+01
2.506999969482421875e+01
2.409000015258789062e+01
2.332999992370605469e+01
2.270000076293945312e+01
2.292000007629394531e+01
2.414999961853027344e+01
3.200999832153320312e+01
3.325999832153320312e+01
2.801000022888183594e+01
2.512000083923339844e+01
2.118000030517578125e+01
2.025000000000000000e+01
1.713999938964843750e+01
1.393000030517578125e+01
1.144999980926513672e+01
9.760000228881835938e+00
5.639999866485595703e+00
8.890000343322753906e+00
1.718000030517578125e+01
2.784000015258789062e+01
2.965999984741210938e+01
2.854000091552734375e+01
2.945999908447265625e+01
2.744000053405761719e+01
2.589999961853027344e+01
2.459000015258789062e+01
2.420000076293945312e+01
2.309000015258789062e+01
2.361000061035156250e+01
2.451000022888183594e+01
3.044000053405761719e+01
3.098999977111816406e+01
2.722999954223632812e+01
2.407999992370605469e+01
2.154999923706054688e+01
2.048999977111816406e+01
2.065999984741210938e+01
1.998999977111816406e+01
1.901000022888183594e+01
1.802000045776367188e+01
1.762000083923339844e+01
1.888999938964843750e+01
2.052000045776367188e+01
2.238999938964843750e+01
2.446999931335449219e+01
2.895999908447265625e+01
2.943000030517578125e+01
2.729999923706054688e+01
2.618000030517578125e+01
2.514999961853027344e+01
2.417000007629394531e+01
2.400000000000000000e+01
2.503000068664550781e+01
2.668000030517578125e+01
3.575999832153320312e+01
3.675999832153320312e+01
3.729000091552734375e+01
2.848999977111816406e+01
2.395999908447265625e+01
2.254000091552734375e+01
2.148999977111816406e+01
2.181999969482421875e+01
2.097999954223632812e+01
2.044000053405761719e+01
2.063999938964843750e+01
2.095999908447265625e+01
2.207999992370605469e+01
2.254000091552734375e+01
2.419000053405761719e+01
2.698999977111816406e+01
3.046999931335449219e+01
2.830999946594238281e+01
2.621999931335449219e+01
2.518000030517578125e+01
2.393000030517578125e+01
2.334000015258789062e+01
2.403000068664550781e+01
2.848999977111816406e+01
3.700000000000000000e+01
3.761999893188476562e+01
3.686000061035156250e+01
2.904999923706054688e+01
2.279999923706054688e+01
2.186000061035156250e+01
2.015999984741210938e+01
1.967000007629394531e+01
1.892000007629394531e+01
1.822999954223632812e+01
1.862999916076660156e+01
2.219000053405761719e+01
3.104000091552734375e+01
3.959000015258789062e+01
3.909000015258789062e+01
3.641999816894531250e+01
3.491999816894531250e+01
2.918000030517578125e+01
2.717000007629394531e+01
2.484000015258789062e+01
2.379999923706054688e+01
2.330999946594238281e+01
2.412999916076660156e+01
2.579000091552734375e+01
3.720999908447265625e+01
3.879999923706054688e+01
3.481999969482421875e+01
2.754000091552734375e+01
2.320000076293945312e+01
2.155999946594238281e+01
2.075000000000000000e+01
1.998999977111816406e+01
1.956999969482421875e+01
1.945999908447265625e+01
1.954999923706054688e+01
2.303000068664550781e+01
3.470999908447265625e+01
4.324000167846679688e+01
3.690000152587890625e+01
3.815000152587890625e+01
3.620999908447265625e+01
3.184000015258789062e+01
2.971999931335449219e+01
2.905999946594238281e+01
2.762999916076660156e+01
2.670000076293945312e+01
2.765999984741210938e+01
2.879000091552734375e+01
3.620000076293945312e+01
3.811999893188476562e+01
3.700999832153320312e+01
3.293999862670898438e+01
2.569000053405761719e+01
2.377000045776367188e+01
2.127000045776367188e+01
2.015999984741210938e+01
1.876000022888183594e+01
1.762999916076660156e+01
1.652000045776367188e+01
2.012000083923339844e+01
3.261999893188476562e+01
4.372000122070312500e+01
4.147000122070312500e+01
3.938999938964843750e+01
3.852999877929687500e+01
3.400000000000000000e+01
3.155999946594238281e+01
2.947999954223632812e+01
2.945000076293945312e+01
2.810000038146972656e+01
2.853000068664550781e+01
2.986000061035156250e+01
3.820999908447265625e+01
3.736999893188476562e+01
3.247000122070312500e+01
2.754000091552734375e+01
2.312999916076660156e+01
2.109000015258789062e+01
1.829000091552734375e+01
1.778000068664550781e+01
1.712000083923339844e+01
1.686000061035156250e+01
1.700000000000000000e+01
1.944000053405761719e+01
2.526000022888183594e+01
3.130999946594238281e+01
3.087000083923339844e+01
3.094000053405761719e+01
3.072999954223632812e+01
3.035000038146972656e+01
2.906999969482421875e+01
2.909000015258789062e+01
2.847999954223632812e+01
2.744000053405761719e+01
2.804000091552734375e+01
2.964999961853027344e+01
3.493999862670898438e+01
3.173999977111816406e+01
2.955999946594238281e+01
2.412999916076660156e+01
2.164999961853027344e+01
1.946999931335449219e+01
1.862000083923339844e+01
1.863999938964843750e+01
1.803000068664550781e+01
1.757999992370605469e+01
1.768000030517578125e+01
1.998999977111816406e+01
2.688999938964843750e+01
3.070999908447265625e+01
3.087000083923339844e+01
3.399000167846679688e+01
3.383000183105468750e+01
3.402000045776367188e+01
3.356999969482421875e+01
3.261000061035156250e+01
3.243000030517578125e+01
3.075000000000000000e+01
3.023999977111816406e+01
3.062000083923339844e+01
3.406999969482421875e+01
3.254000091552734375e+01
2.978000068664550781e+01
2.480999946594238281e+01
2.200000000000000000e+01
1.914999961853027344e+01
2.015999984741210938e+01
1.932999992370605469e+01
1.893000030517578125e+01
1.820000076293945312e+01
1.847999954223632812e+01
1.863999938964843750e+01
2.020999908447265625e+01
2.181999969482421875e+01
2.325000000000000000e+01
2.584000015258789062e+01
2.732999992370605469e+01
2.540999984741210938e+01
2.451000022888183594e+01
2.364999961853027344e+01
2.306999969482421875e+01
2.270999908447265625e+01
2.336000061035156250e+01
2.506999969482421875e+01
3.011000061035156250e+01
2.819000053405761719e+01
2.509000015258789062e+01
2.337000083923339844e+01
2.201000022888183594e+01
2.012000083923339844e+01
1.882999992370605469e+01
1.792000007629394531e+01
1.756999969482421875e+01
1.695000076293945312e+01
1.690999984741210938e+01
1.689999961853027344e+01
1.686000061035156250e+01
1.712000083923339844e+01
1.827000045776367188e+01
1.945999908447265625e+01
2.070999908447265625e+01
2.088999938964843750e+01
2.122999954223632812e+01
2.104000091552734375e+01
2.109000015258789062e+01
2.092000007629394531e+01
2.188999938964843750e+01
3.112999916076660156e+01
2.495999908447265625e+01
2.427000045776367188e+01
2.362000083923339844e+01
2.256999969482421875e+01
2.120000076293945312e+01
2.017000007629394531e+01
1.835000038146972656e+01
1.814999961853027344e+01
1.742000007629394531e+01
1.720000076293945312e+01
1.784000015258789062e+01
2.077000045776367188e+01
2.556999969482421875e+01
2.729999923706054688e+01
2.879000091552734375e+01
3.104999923706054688e+01
3.113999938964843750e+01
3.218000030517578125e+01
3.092000007629394531e+01
3.087000083923339844e+01
3.014999961853027344e+01
2.962000083923339844e+01
2.987000083923339844e+01
4.254999923706054688e+01
3.845999908447265625e+01
3.243000030517578125e+01
3.131999969482421875e+01
2.517000007629394531e+01
2.265999984741210938e+01
2.118000030517578125e+01
2.130999946594238281e+01
2.075000000000000000e+01
2.001000022888183594e+01
1.992000007629394531e+01
2.085000038146972656e+01
2.263999938964843750e+01
2.812999916076660156e+01
3.079999923706054688e+01
3.249000167846679688e+01
3.625000000000000000e+01
3.634999847412109375e+01
3.600999832153320312e+01
3.484000015258789062e+01
3.456999969482421875e+01
3.411000061035156250e+01
3.397000122070312500e+01
3.566999816894531250e+01
5.115000152587890625e+01
4.554000091552734375e+01
3.940999984741210938e+01
3.684999847412109375e+01
3.209000015258789062e+01
2.627000045776367188e+01
2.319000053405761719e+01
2.602000045776367188e+01
2.412000083923339844e+01
2.361000061035156250e+01
2.365999984741210938e+01
2.493000030517578125e+01
2.932999992370605469e+01
3.818000030517578125e+01
4.270999908447265625e+01
4.359000015258789062e+01
4.229999923706054688e+01
4.191999816894531250e+01
4.124000167846679688e+01
3.745999908447265625e+01
3.415999984741210938e+01
3.300000000000000000e+01
3.238999938964843750e+01
3.524000167846679688e+01
4.959999847412109375e+01
4.818999862670898438e+01
4.188000106811523438e+01
4.122000122070312500e+01
3.733000183105468750e+01
3.198999977111816406e+01
2.880999946594238281e+01
2.429000091552734375e+01
2.192000007629394531e+01
1.932999992370605469e+01
1.763999938964843750e+01
1.790999984741210938e+01
2.431999969482421875e+01
2.964999961853027344e+01
4.029999923706054688e+01
4.652000045776367188e+01
4.702999877929687500e+01
4.184000015258789062e+01
3.774000167846679688e+01
3.418999862670898438e+01
3.263000106811523438e+01
3.107999992370605469e+01
2.997999954223632812e+01
3.220999908447265625e+01
4.459999847412109375e+01
4.688000106811523438e+01
4.440999984741210938e+01
4.343000030517578125e+01
4.006999969482421875e+01
3.368000030517578125e+01
2.665999984741210938e+01
2.379000091552734375e+01
2.254999923706054688e+01
2.232999992370605469e+01
2.130999946594238281e+01
2.277000045776367188e+01
2.909000015258789062e+01
4.188000106811523438e+01
4.447999954223632812e+01
4.808000183105468750e+01
4.847000122070312500e+01
4.840000152587890625e+01
4.436999893188476562e+01
4.195999908447265625e+01
3.936999893188476562e+01
3.831000137329101562e+01
3.700999832153320312e+01
4.147999954223632812e+01
5.386000061035156250e+01
5.495000076293945312e+01
6.036000061035156250e+01
5.972999954223632812e+01
5.090999984741210938e+01
4.168000030517578125e+01
3.611999893188476562e+01
2.707999992370605469e+01
2.414999961853027344e+01
2.312999916076660156e+01
2.186000061035156250e+01
2.119000053405761719e+01
2.346999931335449219e+01
2.669000053405761719e+01
4.054999923706054688e+01
3.597000122070312500e+01
4.397000122070312500e+01
4.009999847412109375e+01
3.604999923706054688e+01
3.290000152587890625e+01
3.029999923706054688e+01
2.853000068664550781e+01
2.800000000000000000e+01
3.015999984741210938e+01
4.265000152587890625e+01
4.611000061035156250e+01
4.336000061035156250e+01
4.245999908447265625e+01
3.747000122070312500e+01
3.290000152587890625e+01
2.770000076293945312e+01
2.628000068664550781e+01
2.490999984741210938e+01
2.403000068664550781e+01
2.270000076293945312e+01
2.220000076293945312e+01
2.369000053405761719e+01
2.609000015258789062e+01
2.725000000000000000e+01
2.881999969482421875e+01
3.195000076293945312e+01
3.057999992370605469e+01
2.948999977111816406e+01
2.862999916076660156e+01
2.737999916076660156e+01
2.677000045776367188e+01
2.651000022888183594e+01
2.919000053405761719e+01
4.281999969482421875e+01
4.222999954223632812e+01
3.904000091552734375e+01
3.559999847412109375e+01
3.143000030517578125e+01
2.827000045776367188e+01
2.422999954223632812e+01
2.354999923706054688e+01
2.185000038146972656e+01
2.097999954223632812e+01
2.095000076293945312e+01
2.193000030517578125e+01
2.545999908447265625e+01
3.318999862670898438e+01
3.938999938964843750e+01
4.095999908447265625e+01
4.099000167846679688e+01
4.204999923706054688e+01
4.115999984741210938e+01
3.774000167846679688e+01
3.452000045776367188e+01
3.363000106811523438e+01
3.238000106811523438e+01
3.518000030517578125e+01
4.679999923706054688e+01
4.161000061035156250e+01
3.816999816894531250e+01
3.874000167846679688e+01
3.488000106811523438e+01
2.821999931335449219e+01
2.505999946594238281e+01
2.302000045776367188e+01
2.163999938964843750e+01
2.117000007629394531e+01
1.968000030517578125e+01
1.918000030517578125e+01
2.137999916076660156e+01
2.703000068664550781e+01
3.656999969482421875e+01
3.979000091552734375e+01
4.020999908447265625e+01
3.913000106811523438e+01
3.659000015258789062e+01
3.334000015258789062e+01
3.190999984741210938e+01
3.010000038146972656e+01
2.926000022888183594e+01
3.039999961853027344e+01
4.409999847412109375e+01
3.943999862670898438e+01
3.861000061035156250e+01
3.636999893188476562e+01
3.176000022888183594e+01
2.612999916076660156e+01
2.320000076293945312e+01
2.006999969482421875e+01
1.703000068664550781e+01
1.578999996185302734e+01
1.209000015258789062e+01
1.196000003814697266e+01
1.592000007629394531e+01
2.219000053405761719e+01
3.252000045776367188e+01
3.227000045776367188e+01
3.491999816894531250e+01
3.415999984741210938e+01
3.240999984741210938e+01
2.971999931335449219e+01
2.855999946594238281e+01
2.713999938964843750e+01
2.714999961853027344e+01
2.943000030517578125e+01
3.945000076293945312e+01
3.652000045776367188e+01
3.488999938964843750e+01
3.340999984741210938e+01
2.846999931335449219e+01
2.520000076293945312e+01
2.295999908447265625e+01
2.212000083923339844e+01
2.110000038146972656e+01
2.047999954223632812e+01
2.029999923706054688e+01
2.088999938964843750e+01
2.328000068664550781e+01
3.190999984741210938e+01
3.506999969482421875e+01
3.591999816894531250e+01
3.579000091552734375e+01
3.654000091552734375e+01
3.627999877929687500e+01
3.461000061035156250e+01
3.347000122070312500e+01
3.213999938964843750e+01
3.123999977111816406e+01
3.263999938964843750e+01
4.559000015258789062e+01
4.029000091552734375e+01
3.884999847412109375e+01
3.913999938964843750e+01
3.459999847412109375e+01
2.807999992370605469e+01
2.551000022888183594e+01
2.130999946594238281e+01
2.011000061035156250e+01
1.964999961853027344e+01
1.870000076293945312e+01
1.779000091552734375e+01
2.140999984741210938e+01
3.062999916076660156e+01
3.366999816894531250e+01
3.459000015258789062e+01
3.356000137329101562e+01
3.345999908447265625e+01
3.270000076293945312e+01
3.135000038146972656e+01
3.032999992370605469e+01
2.853000068664550781e+01
2.804000091552734375e+01
2.951000022888183594e+01
3.697000122070312500e+01
3.431999969482421875e+01
3.233000183105468750e+01
3.089999961853027344e+01
2.698999977111816406e+01
2.454000091552734375e+01
2.313999938964843750e+01
2.179000091552734375e+01
2.096999931335449219e+01
2.040999984741210938e+01
1.971999931335449219e+01
1.942000007629394531e+01
1.987000083923339844e+01
2.075000000000000000e+01
2.485000038146972656e+01
2.701000022888183594e+01
2.787000083923339844e+01
2.686000061035156250e+01
2.640999984741210938e+01
2.505999946594238281e+01
2.446999931335449219e+01
2.372999954223632812e+01
2.335000038146972656e+01
2.367000007629394531e+01
2.786000061035156250e+01
2.682999992370605469e+01
2.597999954223632812e+01
2.504999923706054688e+01
2.365999984741210938e+01
2.100000000000000000e+01
1.972999954223632812e+01
2.042000007629394531e+01
2.023999977111816406e+01
1.962000083923339844e+01
1.911000061035156250e+01
1.943000030517578125e+01
1.990999984741210938e+01
1.967000007629394531e+01
2.029000091552734375e+01
2.204999923706054688e+01
2.392000007629394531e+01
2.313999938964843750e+01
2.317000007629394531e+01
2.288999938964843750e+01
2.279999923706054688e+01
2.247999954223632812e+01
2.250000000000000000e+01
2.512000083923339844e+01
3.168000030517578125e+01
3.087999916076660156e+01
3.057999992370605469e+01
3.037999916076660156e+01
2.877000045776367188e+01
2.528000068664550781e+01
2.350000000000000000e+01
2.256999969482421875e+01
2.230999946594238281e+01
2.194000053405761719e+01
2.125000000000000000e+01
2.030999946594238281e+01
2.480999946594238281e+01
3.045000076293945312e+01
3.700999832153320312e+01
3.286999893188476562e+01
3.026000022888183594e+01
2.902000045776367188e+01
2.740999984741210938e+01
2.578000068664550781e+01
2.457999992370605469e+01
2.357999992370605469e+01
2.329000091552734375e+01
2.417000007629394531e+01
3.065999984741210938e+01
2.962000083923339844e+01
2.826000022888183594e+01
2.829000091552734375e+01
2.564999961853027344e+01
2.461000061035156250e+01
2.263999938964843750e+01
1.935000038146972656e+01
1.807999992370605469e+01
1.732999992370605469e+01
1.503999996185302734e+01
1.356999969482421875e+01
1.773999977111816406e+01
2.554000091552734375e+01
2.904000091552734375e+01
2.800000000000000000e+01
2.737000083923339844e+01
2.696999931335449219e+01
2.560000038146972656e+01
2.419000053405761719e+01
2.382999992370605469e+01
2.351000022888183594e+01
2.362999916076660156e+01
2.440999984741210938e+01
3.275999832153320312e+01
3.136000061035156250e+01
2.955999946594238281e+01
2.860000038146972656e+01
2.507999992370605469e+01
2.307999992370605469e+01
2.187000083923339844e+01
2.044000053405761719e+01
2.000000000000000000e+01
1.973999977111816406e+01
1.971999931335449219e+01
1.986000061035156250e+01
2.253000068664550781e+01
3.090999984741210938e+01
3.182999992370605469e+01
3.006999969482421875e+01
2.906999969482421875e+01
2.972999954223632812e+01
2.889999961853027344e+01
2.713999938964843750e+01
2.656999969482421875e+01
2.555999946594238281e+01
2.554999923706054688e+01
2.762000083923339844e+01
3.559000015258789062e+01
3.543000030517578125e+01
3.384999847412109375e+01
3.338999938964843750e+01
3.036000061035156250e+01
2.550000000000000000e+01
2.362999916076660156e+01
2.286000061035156250e+01
2.186000061035156250e+01
2.128000068664550781e+01
2.075000000000000000e+01
2.080999946594238281e+01
2.161000061035156250e+01
2.332999992370605469e+01
2.510000038146972656e+01
2.587000083923339844e+01
2.737000083923339844e+01
2.629999923706054688e+01
2.563999938964843750e+01
2.345999908447265625e+01
2.232999992370605469e+01
2.181999969482421875e+01
2.172999954223632812e+01
2.189999961853027344e+01
2.464999961853027344e+01
2.509000015258789062e+01
2.439999961853027344e+01
2.403000068664550781e+01
2.294000053405761719e+01
2.226000022888183594e+01
2.129999923706054688e+01
1.978000068664550781e+01
1.805999946594238281e+01
1.727000045776367188e+01
1.501000022888183594e+01
1.486999988555908203e+01
1.561999988555908203e+01
1.589000034332275391e+01
2.213999938964843750e+01
2.288999938964843750e+01
2.285000038146972656e+01
2.195000076293945312e+01
2.111000061035156250e+01
1.959000015258789062e+01
1.870999908447265625e+01
1.854999923706054688e+01
1.805999946594238281e+01
1.837000083923339844e+01
2.362999916076660156e+01
2.311000061035156250e+01
2.255999946594238281e+01
2.226000022888183594e+01
2.159000015258789062e+01
2.039999961853027344e+01
1.896999931335449219e+01
1.643000030517578125e+01
1.407999992370605469e+01
1.227999973297119141e+01
1.082999992370605469e+01
8.409999847412109375e+00
1.192000007629394531e+01
1.451000022888183594e+01
2.009000015258789062e+01
2.131999969482421875e+01
2.206999969482421875e+01
2.204000091552734375e+01
2.175000000000000000e+01
2.095000076293945312e+01
2.001000022888183594e+01
1.946999931335449219e+01
1.935000038146972656e+01
2.092000007629394531e+01
2.525000000000000000e+01
2.354000091552734375e+01
2.307999992370605469e+01
2.264999961853027344e+01
2.213999938964843750e+01
2.094000053405761719e+01
1.979000091552734375e+01
1.973999977111816406e+01
1.932999992370605469e+01
1.943000030517578125e+01
1.910000038146972656e+01
1.887999916076660156e+01
1.928000068664550781e+01
2.045999908447265625e+01
2.202000045776367188e+01
2.280999946594238281e+01
2.328000068664550781e+01
2.302000045776367188e+01
2.295000076293945312e+01
2.257999992370605469e+01
2.218000030517578125e+01
2.179000091552734375e+01
2.187000083923339844e+01
2.331999969482421875e+01
3.005999946594238281e+01
2.887999916076660156e+01
2.929999923706054688e+01
2.959000015258789062e+01
2.577000045776367188e+01
2.320999908447265625e+01
2.168000030517578125e+01
2.170999908447265625e+01
2.079000091552734375e+01
2.068000030517578125e+01
2.051000022888183594e+01
2.057999992370605469e+01
2.379000091552734375e+01
3.101000022888183594e+01
3.506000137329101562e+01
3.001000022888183594e+01
2.937999916076660156e+01
2.837999916076660156e+01
2.814999961853027344e+01
2.628000068664550781e+01
2.476000022888183594e+01
2.362999916076660156e+01
2.365999984741210938e+01
2.420999908447265625e+01
3.001000022888183594e+01
2.879000091552734375e+01
2.815999984741210938e+01
2.670000076293945312e+01
2.454999923706054688e+01
2.137000083923339844e+01
2.004999923706054688e+01
1.514999961853027344e+01
1.372000026702880859e+01
1.264999961853027344e+01
1.025000000000000000e+01
9.949999809265136719e+00
1.143000030517578125e+01
2.103000068664550781e+01
2.623999977111816406e+01
2.381999969482421875e+01
2.344000053405761719e+01
2.198999977111816406e+01
2.211000061035156250e+01
2.170999908447265625e+01
2.142000007629394531e+01
2.098999977111816406e+01
2.131999969482421875e+01
2.204999923706054688e+01
2.970000076293945312e+01
2.804000091552734375e+01
2.652000045776367188e+01
2.586000061035156250e+01
2.285000038146972656e+01
2.162999916076660156e+01
1.987999916076660156e+01
1.928000068664550781e+01
1.898999977111816406e+01
1.878000068664550781e+01
1.852000045776367188e+01
1.879000091552734375e+01
2.030999946594238281e+01
2.628000068664550781e+01
2.800000000000000000e+01
2.719000053405761719e+01
2.546999931335449219e+01
2.475000000000000000e+01
2.431999969482421875e+01
2.404000091552734375e+01
2.354999923706054688e+01
2.295999908447265625e+01
2.270000076293945312e+01
2.438999938964843750e+01
3.121999931335449219e+01
3.195000076293945312e+01
3.195999908447265625e+01
3.007999992370605469e+01
2.595000076293945312e+01
2.239999961853027344e+01
2.125000000000000000e+01
1.989999961853027344e+01
1.880999946594238281e+01
1.825000000000000000e+01
1.607999992370605469e+01
1.629000091552734375e+01
1.853000068664550781e+01
2.259000015258789062e+01
2.786000061035156250e+01
2.726000022888183594e+01
2.734000015258789062e+01
2.688999938964843750e+01
2.700000000000000000e+01
2.597999954223632812e+01
2.544000053405761719e+01
2.462999916076660156e+01
2.434000015258789062e+01
2.584000015258789062e+01
3.334000015258789062e+01
3.204999923706054688e+01
2.996999931335449219e+01
2.825000000000000000e+01
2.582999992370605469e+01
2.310000038146972656e+01
2.094000053405761719e+01
2.032999992370605469e+01
1.972999954223632812e+01
1.959000015258789062e+01
1.955999946594238281e+01
1.994000053405761719e+01
2.169000053405761719e+01
2.731999969482421875e+01
2.975000000000000000e+01
2.929999923706054688e+01
2.912000083923339844e+01
2.770000076293945312e+01
2.626000022888183594e+01
2.480999946594238281e+01
2.412999916076660156e+01
2.352000045776367188e+01
2.369000053405761719e+01
2.579000091552734375e+01
3.143000030517578125e+01
3.079000091552734375e+01
2.971999931335449219e+01
2.939999961853027344e+01
2.679000091552734375e+01
2.381999969482421875e+01
2.248999977111816406e+01
2.305999946594238281e+01
2.182999992370605469e+01
2.129999923706054688e+01
2.064999961853027344e+01
2.075000000000000000e+01
2.080999946594238281e+01
2.230999946594238281e+01
2.865999984741210938e+01
2.845000076293945312e+01
2.756999969482421875e+01
2.459000015258789062e+01
2.312000083923339844e+01
2.180999946594238281e+01
2.125000000000000000e+01
2.062000083923339844e+01
2.077000045776367188e+01
2.204999923706054688e+01
3.283000183105468750e+01
3.286999893188476562e+01
3.240000152587890625e+01
2.870999908447265625e+01
2.576000022888183594e+01
2.317000007629394531e+01
2.218000030517578125e+01
2.142000007629394531e+01
2.075000000000000000e+01
2.035000038146972656e+01
2.012000083923339844e+01
2.009000015258789062e+01
2.029999923706054688e+01
2.063999938964843750e+01
2.245000076293945312e+01
2.237999916076660156e+01
2.285000038146972656e+01
2.193000030517578125e+01
2.127000045776367188e+01
2.035000038146972656e+01
1.956999969482421875e+01
1.922999954223632812e+01
1.897999954223632812e+01
2.011000061035156250e+01
2.745999908447265625e+01
2.520999908447265625e+01
2.345999908447265625e+01
2.238999938964843750e+01
1.993000030517578125e+01
1.806999969482421875e+01
1.613999938964843750e+01
7.500000000000000000e+00
7.599999904632568359e-01
4.099999964237213135e-01
-2.140000104904174805e+00
-2.400000095367431641e+00
3.999999910593032837e-02
5.159999847412109375e+00
2.564999961853027344e+01
2.534000015258789062e+01
2.344000053405761719e+01
2.247999954223632812e+01
2.363999938964843750e+01
2.215999984741210938e+01
2.098999977111816406e+01
2.037999916076660156e+01
1.930999946594238281e+01
2.101000022888183594e+01
2.751000022888183594e+01
2.601000022888183594e+01
2.401000022888183594e+01
2.317000007629394531e+01
2.062999916076660156e+01
1.961000061035156250e+01
1.654000091552734375e+01
1.700000000000000000e+01
1.715999984741210938e+01
1.659000015258789062e+01
1.592000007629394531e+01
1.611000061035156250e+01
1.771999931335449219e+01
2.179000091552734375e+01
2.561000061035156250e+01
2.504000091552734375e+01
2.479999923706054688e+01
2.484000015258789062e+01
2.497999954223632812e+01
2.395999908447265625e+01
2.371999931335449219e+01
2.321999931335449219e+01
2.335000038146972656e+01
2.547999954223632812e+01
3.249000167846679688e+01
3.029999923706054688e+01
2.994000053405761719e+01
2.827000045776367188e+01
2.463999938964843750e+01
2.187000083923339844e+01
1.957999992370605469e+01
2.047999954223632812e+01
2.026000022888183594e+01
1.982999992370605469e+01
1.954000091552734375e+01
2.009000015258789062e+01
2.181999969482421875e+01
2.723999977111816406e+01
3.053000068664550781e+01
2.956999969482421875e+01
2.772999954223632812e+01
2.654999923706054688e+01
2.428000068664550781e+01
2.270999908447265625e+01
2.235000038146972656e+01
2.202000045776367188e+01
2.181999969482421875e+01
2.484000015258789062e+01
3.661000061035156250e+01
3.541999816894531250e+01
3.384999847412109375e+01
3.281999969482421875e+01
2.964999961853027344e+01
2.429999923706054688e+01
2.305999946594238281e+01
2.193000030517578125e+01
2.125000000000000000e+01
2.101000022888183594e+01
2.098999977111816406e+01
2.150000000000000000e+01
2.378000068664550781e+01
3.395000076293945312e+01
3.868000030517578125e+01
3.331000137329101562e+01
3.104999923706054688e+01
3.097999954223632812e+01
2.810000038146972656e+01
2.626000022888183594e+01
2.594000053405761719e+01
2.526000022888183594e+01
2.520999908447265625e+01
2.897999954223632812e+01
4.222000122070312500e+01
3.956999969482421875e+01
3.770999908447265625e+01
3.729000091552734375e+01
3.295999908447265625e+01
2.632999992370605469e+01
2.420999908447265625e+01
2.238999938964843750e+01
2.134000015258789062e+01
2.072999954223632812e+01
2.048999977111816406e+01
2.080999946594238281e+01
2.248999977111816406e+01
2.719000053405761719e+01
3.062000083923339844e+01
3.014999961853027344e+01
2.929000091552734375e+01
2.878000068664550781e+01
2.697999954223632812e+01
2.552000045776367188e+01
2.352000045776367188e+01
2.200000000000000000e+01
2.361000061035156250e+01
2.657999992370605469e+01
2.967000007629394531e+01
2.920999908447265625e+01
2.871999931335449219e+01
2.793000030517578125e+01
2.531999969482421875e+01
2.267000007629394531e+01
2.219000053405761719e+01
2.171999931335449219e+01
2.051000022888183594e+01
1.972999954223632812e+01
1.905999946594238281e+01
1.826000022888183594e+01
1.779999923706054688e+01
1.703000068664550781e+01
1.904000091552734375e+01
2.121999931335449219e+01
2.273999977111816406e+01
2.486000061035156250e+01
2.498999977111816406e+01
2.309000015258789062e+01
2.012999916076660156e+01
1.862000083923339844e+01
1.825000000000000000e+01
2.029000091552734375e+01
2.845000076293945312e+01
2.802000045776367188e+01
2.748999977111816406e+01
2.646999931335449219e+01
2.504999923706054688e+01
2.405999946594238281e+01
2.345000076293945312e+01
2.262999916076660156e+01
2.182999992370605469e+01
2.131999969482421875e+01
2.120000076293945312e+01
2.059000015258789062e+01
2.077000045776367188e+01
2.187999916076660156e+01
2.290999984741210938e+01
2.339999961853027344e+01
2.329000091552734375e+01
2.311000061035156250e+01
2.314999961853027344e+01
2.270000076293945312e+01
2.200000000000000000e+01
2.186000061035156250e+01
2.168000030517578125e+01
2.261000061035156250e+01
3.085000038146972656e+01
2.919000053405761719e+01
3.071999931335449219e+01
3.106999969482421875e+01
2.800000000000000000e+01
2.475000000000000000e+01
2.334000015258789062e+01
2.219000053405761719e+01
2.154999923706054688e+01
2.140999984741210938e+01
2.145000076293945312e+01
2.123999977111816406e+01
2.313999938964843750e+01
3.241999816894531250e+01
4.168000030517578125e+01
3.684999847412109375e+01
3.334000015258789062e+01
3.054999923706054688e+01
2.761000061035156250e+01
2.587000083923339844e+01
2.492000007629394531e+01
2.444000053405761719e+01
2.436000061035156250e+01
2.625000000000000000e+01
3.838999938964843750e+01
3.611000061035156250e+01
3.525999832153320312e+01
3.231000137329101562e+01
2.819000053405761719e+01
2.342000007629394531e+01
2.118000030517578125e+01
2.119000053405761719e+01
2.029000091552734375e+01
1.994000053405761719e+01
1.970000076293945312e+01
1.992000007629394531e+01
2.104000091552734375e+01
2.612000083923339844e+01
3.032999992370605469e+01
2.829000091552734375e+01
2.863999938964843750e+01
2.925000000000000000e+01
2.818000030517578125e+01
2.736000061035156250e+01
2.706999969482421875e+01
2.679000091552734375e+01
2.726000022888183594e+01
3.145000076293945312e+01
4.097000122070312500e+01
4.095999908447265625e+01
4.050000000000000000e+01
4.111000061035156250e+01
3.936999893188476562e+01
3.291999816894531250e+01
2.834000015258789062e+01
2.573999977111816406e+01
2.456999969482421875e+01
2.394000053405761719e+01
2.364999961853027344e+01
2.359000015258789062e+01
2.595000076293945312e+01
2.845999908447265625e+01
3.781999969482421875e+01
3.445999908447265625e+01
3.130999946594238281e+01
3.118000030517578125e+01
2.953000068664550781e+01
2.712999916076660156e+01
2.675000000000000000e+01
2.601000022888183594e+01
2.345000076293945312e+01
2.547999954223632812e+01
3.406999969482421875e+01
3.490000152587890625e+01
3.295000076293945312e+01
3.208000183105468750e+01
2.947999954223632812e+01
2.552000045776367188e+01
2.317000007629394531e+01
2.182999992370605469e+01
2.181999969482421875e+01
2.097999954223632812e+01
2.040999984741210938e+01
2.061000061035156250e+01
2.314999961853027344e+01
3.015999984741210938e+01
4.109999847412109375e+01
3.458000183105468750e+01
3.254000091552734375e+01
3.015999984741210938e+01
2.892000007629394531e+01
2.831999969482421875e+01
2.855999946594238281e+01
2.850000000000000000e+01
2.829999923706054688e+01
3.053000068664550781e+01
3.993999862670898438e+01
3.834999847412109375e+01
3.950999832153320312e+01
3.843999862670898438e+01
3.547999954223632812e+01
3.121999931335449219e+01
2.613999938964843750e+01
2.512999916076660156e+01
2.362999916076660156e+01
2.273999977111816406e+01
2.161000061035156250e+01
2.048999977111816406e+01
2.193000030517578125e+01
2.792000007629394531e+01
3.999000167846679688e+01
3.236000061035156250e+01
3.037999916076660156e+01
2.915999984741210938e+01
2.579000091552734375e+01
2.556999969482421875e+01
2.442000007629394531e+01
2.425000000000000000e+01
2.412999916076660156e+01
2.597999954223632812e+01
3.309999847412109375e+01
3.003000068664550781e+01
3.028000068664550781e+01
2.776000022888183594e+01
2.713999938964843750e+01
2.512000083923339844e+01
2.215999984741210938e+01
2.296999931335449219e+01
2.089999961853027344e+01
1.948999977111816406e+01
1.822999954223632812e+01
1.811000061035156250e+01
1.895999908447265625e+01
1.972999954223632812e+01
2.379999923706054688e+01
2.444000053405761719e+01
2.530999946594238281e+01
2.444000053405761719e+01
2.259000015258789062e+01
2.136000061035156250e+01
2.042000007629394531e+01
2.053000068664550781e+01
2.065999984741210938e+01
2.123999977111816406e+01
2.732999992370605469e+01
2.598999977111816406e+01
2.553000068664550781e+01
2.461000061035156250e+01
2.444000053405761719e+01
2.219000053405761719e+01
2.150000000000000000e+01
2.137000083923339844e+01
2.027000045776367188e+01
1.975000000000000000e+01
1.855999946594238281e+01
1.848999977111816406e+01
1.863999938964843750e+01
1.937999916076660156e+01
2.260000038146972656e+01
2.388999938964843750e+01
2.367000007629394531e+01
2.220999908447265625e+01
2.179999923706054688e+01
2.085000038146972656e+01
2.098999977111816406e+01
2.107999992370605469e+01
2.079000091552734375e+01
2.327000045776367188e+01
3.075000000000000000e+01
2.935000038146972656e+01
2.727000045776367188e+01
2.542000007629394531e+01
2.317000007629394531e+01
2.160000038146972656e+01
2.038999938964843750e+01
2.030999946594238281e+01
1.939999961853027344e+01
1.867000007629394531e+01
1.814999961853027344e+01
1.743000030517578125e+01
1.897999954223632812e+01
2.379000091552734375e+01
2.506999969482421875e+01
2.581999969482421875e+01
2.696999931335449219e+01
2.713999938964843750e+01
2.593000030517578125e+01
2.346999931335449219e+01
2.253000068664550781e+01
2.228000068664550781e+01
2.202000045776367188e+01
2.422999954223632812e+01
2.568000030517578125e+01
2.714999961853027344e+01
2.476000022888183594e+01
2.371999931335449219e+01
2.185000038146972656e+01
2.069000053405761719e+01
1.825000000000000000e+01
1.748999977111816406e+01
1.670999908447265625e+01
1.572999954223632812e+01
1.371000003814697266e+01
1.365999984741210938e+01
1.556000041961669922e+01
2.130999946594238281e+01
2.511000061035156250e+01
2.347999954223632812e+01
2.342000007629394531e+01
2.361000061035156250e+01
2.289999961853027344e+01
2.236000061035156250e+01
2.218000030517578125e+01
2.195999908447265625e+01
2.203000068664550781e+01
2.369000053405761719e+01
3.094000053405761719e+01
3.012000083923339844e+01
2.926000022888183594e+01
2.855999946594238281e+01
2.544000053405761719e+01
2.172999954223632812e+01
1.956999969482421875e+01
1.989999961853027344e+01
1.913999938964843750e+01
1.892000007629394531e+01
1.898999977111816406e+01
1.956999969482421875e+01
1.995999908447265625e+01
2.605999946594238281e+01
2.832999992370605469e+01
2.634000015258789062e+01
2.670999908447265625e+01
2.807999992370605469e+01
2.717000007629394531e+01
2.527000045776367188e+01
2.506999969482421875e+01
2.486000061035156250e+01
2.470999908447265625e+01
2.919000053405761719e+01
3.997000122070312500e+01
3.538999938964843750e+01
3.502000045776367188e+01
3.438000106811523438e+01
3.293999862670898438e+01
2.661000061035156250e+01
2.413999938964843750e+01
2.256999969482421875e+01
2.156999969482421875e+01
2.093000030517578125e+01
2.079999923706054688e+01
2.110000038146972656e+01
2.445000076293945312e+01
3.147999954223632812e+01
3.581000137329101562e+01
3.048999977111816406e+01
3.006999969482421875e+01
2.952000045776367188e+01
2.845000076293945312e+01
2.556999969482421875e+01
2.498999977111816406e+01
2.454000091552734375e+01
2.445000076293945312e+01
2.884000015258789062e+01
3.852999877929687500e+01
3.358000183105468750e+01
3.386999893188476562e+01
3.350999832153320312e+01
3.197999954223632812e+01
2.445999908447265625e+01
2.393000030517578125e+01
2.170000076293945312e+01
2.079999923706054688e+01
2.022999954223632812e+01
2.012999916076660156e+01
2.089999961853027344e+01
2.198999977111816406e+01
2.884000015258789062e+01
2.970999908447265625e+01
2.896999931335449219e+01
2.861000061035156250e+01
2.645000076293945312e+01
2.411000061035156250e+01
2.289999961853027344e+01
2.276000022888183594e+01
2.253000068664550781e+01
2.212000083923339844e+01
2.330999946594238281e+01
2.703000068664550781e+01
2.476000022888183594e+01
2.387000083923339844e+01
2.335000038146972656e+01
2.231999969482421875e+01
2.028000068664550781e+01
1.860000038146972656e+01
1.882999992370605469e+01
1.840999984741210938e+01
1.815999984741210938e+01
1.812999916076660156e+01
1.807999992370605469e+01
1.787000083923339844e+01
1.827000045776367188e+01
1.989999961853027344e+01
2.145000076293945312e+01
2.276000022888183594e+01
2.315999984741210938e+01
2.305999946594238281e+01
2.263999938964843750e+01
2.225000000000000000e+01
2.198999977111816406e+01
2.163999938964843750e+01
2.270000076293945312e+01
2.668000030517578125e+01
2.461000061035156250e+01
2.428000068664550781e+01
2.362999916076660156e+01
2.289999961853027344e+01
2.220999908447265625e+01
2.028000068664550781e+01
2.161000061035156250e+01
2.082999992370605469e+01
2.056999969482421875e+01
2.043000030517578125e+01
2.032999992370605469e+01
2.038999938964843750e+01
2.062000083923339844e+01
2.187999916076660156e+01
2.337999916076660156e+01
2.561000061035156250e+01
2.639999961853027344e+01
2.551000022888183594e+01
2.461000061035156250e+01
2.342000007629394531e+01
2.294000053405761719e+01
2.269000053405761719e+01
2.461000061035156250e+01
2.763999938964843750e+01
2.670999908447265625e+01
2.607999992370605469e+01
2.526000022888183594e+01
2.413999938964843750e+01
2.317000007629394531e+01
2.153000068664550781e+01
2.015999984741210938e+01
1.914999961853027344e+01
1.886000061035156250e+01
1.839999961853027344e+01
1.825000000000000000e+01
1.845000076293945312e+01
1.971999931335449219e+01
2.187000083923339844e+01
2.269000053405761719e+01
2.362999916076660156e+01
2.384000015258789062e+01
2.315999984741210938e+01
2.228000068664550781e+01
2.180999946594238281e+01
2.142000007629394531e+01
2.175000000000000000e+01
2.338999938964843750e+01
2.878000068664550781e+01
2.905999946594238281e+01
2.914999961853027344e+01
2.930999946594238281e+01
2.934000015258789062e+01
2.643000030517578125e+01
2.495999908447265625e+01
2.464999961853027344e+01
2.407999992370605469e+01
2.375000000000000000e+01
2.380999946594238281e+01
2.445000076293945312e+01
2.653000068664550781e+01
3.347000122070312500e+01
3.924000167846679688e+01
3.484000015258789062e+01
3.463999938964843750e+01
3.429000091552734375e+01
3.037999916076660156e+01
2.862999916076660156e+01
2.840999984741210938e+01
2.792000007629394531e+01
2.764999961853027344e+01
3.076000022888183594e+01
4.270999908447265625e+01
4.061000061035156250e+01
3.979999923706054688e+01
3.875999832153320312e+01
3.638999938964843750e+01
3.042000007629394531e+01
2.714999961853027344e+01
3.068000030517578125e+01
2.844000053405761719e+01
2.773999977111816406e+01
2.734000015258789062e+01
2.756999969482421875e+01
2.882999992370605469e+01
3.536000061035156250e+01
4.652000045776367188e+01
5.084000015258789062e+01
4.904999923706054688e+01
4.722999954223632812e+01
4.554999923706054688e+01
3.818000030517578125e+01
3.502000045776367188e+01
3.343999862670898438e+01
3.331000137329101562e+01
3.493000030517578125e+01
4.772999954223632812e+01
5.452999877929687500e+01
5.372000122070312500e+01
4.890999984741210938e+01
3.995999908447265625e+01
4.147000122070312500e+01
3.452000045776367188e+01
4.261999893188476562e+01
3.434999847412109375e+01
3.130999946594238281e+01
3.045999908447265625e+01
3.010000038146972656e+01
3.261999893188476562e+01
3.495000076293945312e+01
5.331999969482421875e+01
6.802999877929687500e+01
7.847000122070312500e+01
6.013000106811523438e+01
6.275999832153320312e+01
4.643999862670898438e+01
4.077000045776367188e+01
3.895000076293945312e+01
4.027000045776367188e+01
4.447999954223632812e+01
5.906000137329101562e+01
8.141999816894531250e+01
8.191999816894531250e+01
6.268999862670898438e+01
5.504000091552734375e+01
4.922000122070312500e+01
3.763000106811523438e+01
5.809000015258789062e+01
3.949000167846679688e+01
3.311000061035156250e+01
3.040999984741210938e+01
2.855999946594238281e+01
3.336000061035156250e+01
5.624000167846679688e+01
7.162000274658203125e+01
8.068000030517578125e+01
7.947000122070312500e+01
6.423999786376953125e+01
5.941999816894531250e+01
5.359999847412109375e+01
5.218000030517578125e+01
4.715000152587890625e+01
4.615999984741210938e+01
5.363999938964843750e+01
6.769000244140625000e+01
8.023999786376953125e+01
7.480999755859375000e+01
7.015000152587890625e+01
6.350999832153320312e+01
5.941999816894531250e+01
4.477000045776367188e+01
3.318000030517578125e+01
2.829000091552734375e+01
2.647999954223632812e+01
2.478000068664550781e+01
2.446999931335449219e+01
2.479999923706054688e+01
2.567000007629394531e+01
2.642000007629394531e+01
2.895999908447265625e+01
2.979999923706054688e+01
3.092000007629394531e+01
2.897999954223632812e+01
2.779000091552734375e+01
2.720000076293945312e+01
2.688999938964843750e+01
2.714999961853027344e+01
2.920999908447265625e+01
4.422999954223632812e+01
5.577000045776367188e+01
5.000000000000000000e+01
4.586000061035156250e+01
4.170000076293945312e+01
4.029000091552734375e+01
3.579000091552734375e+01
3.103000068664550781e+01
2.876000022888183594e+01
2.761000061035156250e+01
2.729000091552734375e+01
2.767000007629394531e+01
2.896999931335449219e+01
2.862000083923339844e+01
3.073999977111816406e+01
3.433000183105468750e+01
3.741999816894531250e+01
3.643000030517578125e+01
3.078000068664550781e+01
2.835000038146972656e+01
2.776000022888183594e+01
2.744000053405761719e+01
2.718000030517578125e+01
2.948999977111816406e+01
4.413000106811523438e+01
6.068999862670898438e+01
5.179999923706054688e+01
4.663999938964843750e+01
4.145000076293945312e+01
4.149000167846679688e+01
3.142000007629394531e+01
